[[0.8962079867401906, 0.057377949564042456, 0.028813296538580183, 0.01760076715718674], [0.5214175520571784, 0.1994781174707884, 0.07864884577213721, 0.20045548469989602], [0.5214175520571784, 0.1994781174707884, 0.07864884577213721, 0.20045548469989602], [0.12973122930554803, 0.2145016755052774, 0.016202916262482187, 0.6395641789266923], [0.46628062226233424, 0.15957692941983323, 0.0294519496508284, 0.3446904986670042], [0.23493044488265594, 0.02717374282429359, 0.01144456412933241, 0.7264512481637182], [0.19099822287872692, 0.7450659092793598, 0.009319912514625446, 0.054615955327287885], [0.7766470426017752, 0.19507039123665984, 0.009346590260099685, 0.018935975901465257], [0.55999068499393, 0.10557451944508399, 0.30588840610289564, 0.028546389458090488], [0.55999068499393, 0.10557451944508399, 0.30588840610289564, 0.028546389458090488], [0.55999068499393, 0.10557451944508399, 0.30588840610289564, 0.028546389458090488], [0.24806924460471422, 0.6361419585664801, 0.028313647748641587, 0.08747514908016409], [0.4181574873788213, 0.4785506699799794, 0.04547333721674428, 0.05781850542445491], [0.13729074522121607, 0.5573792389041934, 0.19940712523476137, 0.10592289063982928], [0.5356871921921438, 0.31055970316428944, 0.06623787244860256, 0.08751523219496435], [0.5356871921921438, 0.31055970316428944, 0.06623787244860256, 0.08751523219496435], [0.5356871921921438, 0.31055970316428944, 0.06623787244860256, 0.08751523219496435], [0.6746222542889422, 0.0669122841602267, 0.04294921537048728, 0.21551624618034398], [0.7326625011922996, 0.008432263450516217, 0.03264421371397641, 0.2262610216432078], [0.8016512068435309, 0.1275578331936815, 0.018855463536842244, 0.051935496425945325], [0.7932123037651808, 0.16716181501300953, 0.010983455265922525, 0.028642425955887136], [0.7932123037651808, 0.16716181501300953, 0.010983455265922525, 0.028642425955887136], [0.36310844491897837, 0.48851769468598427, 0.06423264241220912, 0.08414121798282821], [0.36310844491897837, 0.48851769468598427, 0.06423264241220912, 0.08414121798282821], [0.16503948600532378, 0.3382896922467943, 0.21956843130712178, 0.2771023904407601], [0.15614523237506825, 0.700774740491673, 0.005754822005699692, 0.1373252051275591], [0.6300457672791909, 0.06740706217523273, 0.023962012551343937, 0.2785851579942324], [0.1858860648434692, 0.11865765221410583, 0.09293781356208114, 0.6025184693803438], [0.3050187477722751, 0.013780177449367093, 0.008058538215862832, 0.6731425365624949], [0.3050187477722751, 0.013780177449367093, 0.008058538215862832, 0.6731425365624949], [0.3050187477722751, 0.013780177449367093, 0.008058538215862832, 0.6731425365624949], [0.5821229861960656, 0.19616283805729184, 0.004724358460541572, 0.21698981728610092], [0.5821229861960656, 0.19616283805729184, 0.004724358460541572, 0.21698981728610092], [0.3056720696917065, 0.5413721506191912, 0.10595589775781555, 0.046999881931286666], [0.3056720696917065, 0.5413721506191912, 0.10595589775781555, 0.046999881931286666], [0.1453762007779206, 0.6512929523556493, 0.1593677612612815, 0.04396308560514864], [0.31974448680134093, 0.6025191506015948, 0.061224444757954806, 0.016511917839109394], [0.5185755612240107, 0.43903728312498147, 0.01578298060542522, 0.026604175045582525], [0.24448186497532068, 0.407046723315396, 0.21844608674231278, 0.13002532496697036], [0.3133356764757373, 0.22734473848043046, 0.025530743603552813, 0.4337888414402794], [0.3133356764757373, 0.22734473848043046, 0.025530743603552813, 0.4337888414402794], [0.0502494377138739, 0.30481863999259723, 0.16269103135350313, 0.48224089094002576], [0.6488568525489588, 0.2668050734654485, 0.04319341690588824, 0.04114465707970453], [0.14704426579601068, 0.6886540026463526, 0.1385753882367964, 0.025726343320840332], [0.5282074587047906, 0.028767737285812344, 0.06198429542973088, 0.3810405085796663], [0.5282074587047906, 0.028767737285812344, 0.06198429542973088, 0.3810405085796663], [0.6811891621262758, 0.002833168097422055, 0.01379894320910652, 0.30217872656719574], [0.23632260122524484, 0.6831031748612514, 0.041820363262812986, 0.03875386065069054], [0.23632260122524484, 0.6831031748612514, 0.041820363262812986, 0.03875386065069054], [0.2965913099522914, 0.17688819504205516, 0.33266992033123416, 0.1938505746744193], [0.6970851110034912, 0.25392844992903535, 0.01595790893091175, 0.033028530136561485], [0.6970851110034912, 0.25392844992903535, 0.01595790893091175, 0.033028530136561485], [0.17302897528051822, 0.17819221758780424, 0.0484359411612749, 0.6003428659704027], [0.7331691972476109, 0.04295436633821591, 0.22045479931951315, 0.0034216370946600046], [0.7331691972476109, 0.04295436633821591, 0.22045479931951315, 0.0034216370946600046], [0.5062454728300338, 0.13644751854239442, 0.33722458517707704, 0.020082423450494685], [0.18624933718633527, 0.24174657007944508, 0.07677634259989263, 0.495227750134327], [0.7173382573976449, 0.10038713083413119, 0.15071742155754667, 0.03155719021067726], [0.3518990114317962, 0.16923800247865178, 0.04098179838113985, 0.4378811877084123], [0.3518990114317962, 0.16923800247865178, 0.04098179838113985, 0.4378811877084123], [0.6367308891180847, 0.14771800635968743, 0.005901921758959472, 0.20964918276326824], [0.3297583135585591, 0.31191355769080886, 0.2212108517550136, 0.1371172769956184], [0.752620112568564, 0.22039558793788797, 0.013487338264294376, 0.013496961229253535], [0.357439822101714, 0.0485612856372175, 0.05169438712451321, 0.5423045051365554], [0.357439822101714, 0.0485612856372175, 0.05169438712451321, 0.5423045051365554], [0.4157930132090655, 0.5679161067661407, 0.0012505807846625962, 0.015040299240131373], [0.07666247943845353, 0.6928981225254858, 0.10458275897065772, 0.12585663906540306], [0.07666247943845353, 0.6928981225254858, 0.10458275897065772, 0.12585663906540306], [0.7264141288779091, 0.22078576676763545, 0.011986923415215447, 0.04081318093923995], [0.19250880741772272, 0.3254004191278481, 0.3743000158854824, 0.10779075756894678], [0.5140166629791274, 0.37371115697199264, 0.0396277438864401, 0.07264443616243967], [0.5140166629791274, 0.37371115697199264, 0.0396277438864401, 0.07264443616243967], [0.40704385460199044, 0.44639475169982135, 0.0810886545486108, 0.06547273914957738], [0.40704385460199044, 0.44639475169982135, 0.0810886545486108, 0.06547273914957738], [0.7305312449870582, 0.0764801036717661, 0.13525306932440367, 0.05773558201677196], [0.15968589607019704, 0.20117943864368043, 0.09528433322752963, 0.5438503320585928], [0.15958286106728775, 0.09347842228466009, 0.17674449495598873, 0.5701942216920635], [0.9536216177510367, 0.002944624269493064, 0.03722101562538561, 0.006212742354084709], [0.9536216177510367, 0.002944624269493064, 0.03722101562538561, 0.006212742354084709], [0.9536216177510367, 0.002944624269493064, 0.03722101562538561, 0.006212742354084709], [0.20648520505286738, 0.16493853869279562, 0.025936436326532242, 0.6026398199278048], [0.20648520505286738, 0.16493853869279562, 0.025936436326532242, 0.6026398199278048], [0.20648520505286738, 0.16493853869279562, 0.025936436326532242, 0.6026398199278048], [0.23431852011662568, 0.00252508606835582, 0.06143303435430286, 0.7017233594607156], [0.43157435047174775, 0.3099825210291123, 0.015045430274430914, 0.24339769822470908], [0.11132593670497073, 0.1739683849492422, 0.536725984076832, 0.17797969426895505], [0.2300060356538702, 0.6023099805017462, 0.050812098821772254, 0.11687188502261144], [0.1698294512888909, 0.8019646229245407, 0.023438803962829238, 0.004767121823739173], [0.5772668494721016, 0.08191918201931467, 0.24660540020917446, 0.09420856829940932], [0.8276151195609363, 0.052282019451006044, 0.012163093815276532, 0.10793976717278106], [0.45460294849011196, 0.2200144694629932, 0.11290982713618769, 0.21247275491070708], [0.015497398880329331, 0.8202011783299574, 0.0038012365945976584, 0.16050018619511564], [0.015497398880329331, 0.8202011783299574, 0.0038012365945976584, 0.16050018619511564], [0.48703532131613286, 0.35682316395340924, 0.03593360069956467, 0.12020791403089331], [0.1521624594040544, 0.5598523776692265, 0.18839955683943216, 0.099585606087287], [0.3615395333075702, 0.38331017131999606, 0.24315639928618116, 0.0119938960862526], [0.30516861549521535, 0.6395599168813596, 0.025163177756366024, 0.030108289867059254], [0.30516861549521535, 0.6395599168813596, 0.025163177756366024, 0.030108289867059254]]