[[0.42281922105377834, 0.28798639929970277, 0.08658419995389488, 0.20261017969262396], [0.5354334729490864, 0.2635266918253294, 0.19994540784585685, 0.0010944273797273008], [0.49500070249947, 0.0013628277589910222, 0.41663831268212065, 0.08699815705941837], [0.5677279245407189, 0.09792979471555133, 0.0012442251717283562, 0.33309805557200145], [0.9937995179537676, 0.0020669148413412193, 0.0020666007584747388, 0.0020669664464164125], [0.5780018330748554, 0.11943312006571348, 0.18094882674928467, 0.1216162201101464], [0.8923288863940501, 0.10524315109201972, 0.001213958961602889, 0.0012140035523273583], [0.5329757601100849, 0.001259863152818155, 0.11819261851897168, 0.3475717582181252], [0.4106524261323447, 0.31804007291197833, 0.15392806686110275, 0.11737943409457412], [0.6375828938343495, 0.08843715113354791, 0.2727356638997743, 0.0012442911323282987], [0.7572004998664446, 0.13314599930180263, 0.0013816937278936852, 0.10827180710385918], [0.6089239246551233, 0.2654958042927993, 0.1245426232674637, 0.0010376477846136922], [0.5915894710044117, 0.0012139031903325658, 0.181314201922064, 0.22588242388319177], [0.41022542677077584, 0.30411479837624916, 0.28476183684500705, 0.000897938007967852], [0.6526263977579462, 0.2312141560081497, 0.0009674274226579683, 0.1151920188112461], [0.5796659262582597, 0.11285689571386791, 0.17861599881481016, 0.12886117921306217], [0.6093450587489638, 0.31952949238930917, 0.001185164397241921, 0.06994028446448484], [0.7014980003640814, 0.19911644712997079, 0.0983792441306992, 0.001006308375248591], [0.5145384017218226, 0.10926076562917857, 0.07615905776988453, 0.30004177487911415], [0.725672000998709, 0.0011712211342223575, 0.08778500504237856, 0.18537177282469017], [0.5137699080204046, 0.28144264743698727, 0.20382928204046113, 0.0009581625021470076], [0.5500764265998507, 0.32135374938326944, 0.0741792999853871, 0.05439052403149269], [0.44504914255760375, 0.35309074797441803, 0.1068197689615282, 0.09504034050644991], [0.7301521491604748, 0.07278844089564213, 0.13307078148815052, 0.0639886284557326], [0.6083484358456842, 0.19841434571984462, 0.0011578079155161241, 0.19207941051895497], [0.12676187008315773, 0.47454347865862045, 0.26563844439204826, 0.13305620686617364], [0.16875054015672797, 0.526544060685039, 0.12132496669212713, 0.183380432466106], [0.08758836987293919, 0.6999050262861893, 0.000949048060576624, 0.21155755578029498], [0.001106480206504568, 0.7293689359372926, 0.08143243580554074, 0.1880921480506622], [0.13557339246232378, 0.4584795601331795, 0.06776530962626735, 0.3381817377782293], [0.0018732286076985028, 0.8193840966153318, 0.10752707156088358, 0.07121560321608611], [0.17408179610943228, 0.6232172616739314, 0.10779750110081197, 0.0949034411158244], [0.19887451943988466, 0.5681366794244331, 0.0011188971991147908, 0.2318699039365675], [0.12438765914821592, 0.7806398181283067, 0.09388990494873575, 0.001082617774741594], [0.3335395780959406, 0.5236241487199224, 0.14172966904466056, 0.0011066041394765984], [0.18760087485287094, 0.6639621595973703, 0.0012923557924896568, 0.14714460975726912], [0.16298909526948202, 0.4538787751894883, 0.20965566679571884, 0.17347646274531084], [0.2567240753354518, 0.35770861181505975, 0.253293778987606, 0.1322735338618824], [0.0012759909213571107, 0.6448696347521199, 0.35257851972956983, 0.001275854596953222], [0.15807948984718867, 0.5690393210212152, 0.27176222071304007, 0.0011189684185560107], [0.0011315461435394659, 0.7337104630301167, 0.26402635199357294, 0.001131638832770808], [0.0013093520804846163, 0.566768270177842, 0.18281517257103666, 0.24910720517063673], [0.001629272887293329, 0.7061188843533148, 0.18001158260558306, 0.11224026015380885], [0.1730491572432259, 0.6623196674698347, 0.0012139858051443343, 0.163417189481795], [0.11314175776751427, 0.6615889098505646, 0.09517516747919287, 0.13009416490272827], [0.0824861032366517, 0.5969508333496425, 0.1960818837559948, 0.12448117965771113], [0.40992741863136856, 0.5879754555505113, 0.0010486170999246549, 0.001048508718195359], [0.0010486002915237036, 0.6370539240393758, 0.22621608758815923, 0.13568138808094127], [0.14973590707822482, 0.48748817881131656, 0.18997924711284153, 0.17279666699761717], [0.29020316485846887, 0.3415610132112377, 0.13880818097793646, 0.22942764095235696], [0.001326697536128425, 0.0013267040650920563, 0.6698519881436669, 0.3274946102551127], [0.09612834098500428, 0.14559689299281378, 0.586667998381804, 0.17160676764037786], [0.37147094318646495, 0.001683992983464841, 0.6251610693949158, 0.0016839944351544373], [0.0011445785820224474, 0.13594834147705448, 0.5739001262643526, 0.2890069536765704], [0.0015065702838580686, 0.0015066549932949709, 0.8582803129240605, 0.13870646179878646], [0.23176847295914127, 0.09464886430006152, 0.5217675896380829, 0.1518150731027144], [0.0013627369244329232, 0.2879190792670875, 0.5207327093175028, 0.18998547449097675], [0.2653666644972537, 0.0011315732533905523, 0.5734623560959391, 0.1600394061534167], [0.0014011132975116126, 0.001400889006236514, 0.9217956707190069, 0.07540232697724496], [0.001244149216674189, 0.3108505134026485, 0.5382202944730203, 0.14968504290765697], [0.0010166187854918083, 0.2192146228483819, 0.4497181237194927, 0.3300506346466337], [0.0013444397799566709, 0.3846948960048049, 0.2721193373190549, 0.34184132689618363], [0.42703779556000016, 0.001629044973866081, 0.5697040655733876, 0.0016290938927462622], [0.21615797802137868, 0.22980077201020227, 0.41255142586839694, 0.14148982410002203], [0.0011189442213103552, 0.1438205573292743, 0.5997093590956701, 0.2553511393537452], [0.13248240947047937, 0.12321902309921066, 0.44337422180363706, 0.3009243456266729], [0.3274787427069345, 0.001199453390080462, 0.5597266803376146, 0.1115951235653705], [0.23732133726355184, 0.16669016658546432, 0.49226202043511014, 0.10372647571587365], [0.20733344310561938, 0.001292359885242765, 0.7004755408421945, 0.09089865616694329], [0.13052193273292353, 0.0010270584454925356, 0.6257207884457712, 0.24273022037581274], [0.0009061010702284157, 0.2962324970378908, 0.47560408171274837, 0.2272573201791325], [0.00136285542457977, 0.38116187322219797, 0.6161124499193009, 0.001362821433921328], [0.0013267430751341914, 0.0013266550560883483, 0.6086428941018837, 0.38870370776689367], [0.08064620504877573, 0.3477527332608333, 0.4474467149232546, 0.12415434676713641], [0.18638200900318816, 0.22665295704367103, 0.49824014019797885, 0.08872489375516208], [0.1574401513985179, 0.16016979381337115, 0.0015064399364075204, 0.6808836148517035], [0.34895836088541493, 0.0015533394673323282, 0.001553343550279516, 0.6479349560969734], [0.16529436948106951, 0.001059602969979725, 0.32762102770867296, 0.5060249998402778], [0.2928986120193378, 0.001059722081633846, 0.08941776570997449, 0.6166239001890538], [0.07641043043397579, 0.001344490206546326, 0.12656938181253768, 0.7956756975469402], [0.38215889430240085, 0.0008979160064249545, 0.1537719584135601, 0.463171231277614], [0.21548620374983532, 0.2131562064039336, 0.18478111070110276, 0.3865764791451284], [0.0012139142819513214, 0.1878274190637573, 0.12844640068264573, 0.6825122659716457], [0.0008899755325945047, 0.24686838340991074, 0.0965967759033461, 0.6556448651541487], [0.001326733591829585, 0.0013267085573598026, 0.21922088112230356, 0.7781256767285072], [0.08921909731286606, 0.15964347492489597, 0.001553350308586839, 0.7495840774536512], [0.3199062280140108, 0.0012599553099657311, 0.0012599234753320277, 0.6775738932006914], [0.11742809808180482, 0.09758686184457684, 0.31558906847019874, 0.46939597160341956], [0.17509968812772447, 0.001106576974101315, 0.23538490315998156, 0.5884088317381926], [0.26424802460414115, 0.0011445151745528687, 0.33187126005927386, 0.4027362001620321], [0.0010596925113375334, 0.26083322370088224, 0.23998206306948605, 0.4981250207182941], [0.2019150028683068, 0.10535901734136818, 0.13362605401031194, 0.5590999257800131], [0.12605623095966031, 0.001326678600574831, 0.3034441586564513, 0.5691729317833135], [0.23279138034794428, 0.08999935563380265, 0.0012924128378708727, 0.6759168511803821], [0.25709880540784275, 0.0011994431263642109, 0.17418195128412015, 0.5675198001816728], [0.07561040453925214, 0.12101215342674114, 0.13486124388537926, 0.6685161981486274], [0.20706216687835885, 0.0012139067932824407, 0.23061085458910777, 0.561113071739251], [0.08921305587510822, 0.09103558801489689, 0.09017832650251495, 0.7295730296074799], [0.16888136979330293, 0.20745055860325673, 0.15611000939978265, 0.46755806220365775], [0.15243048547070623, 0.12407296517601483, 0.20010236424444014, 0.5233941851088387]]